26.7
24.5
27.5
20.2
27.1
27.4
27.6
28
33.5
30.3
31.2
30.4
27.1
33.6
29.9
27.4
26.1
26.1
25.4
25.9
26.2
22.2
24.8
24.2
26.8
26.2
23.9
26.8
23.9
21.2
20.6
17.7
19.7
21
17.3
22.9
20.2
22.8
20.8
20.6
20.2
20
23
24.7
23.9
21.1
21.9
24.2
23.2
23.7
20.5
24.6
23.7
23.4
25.5
17.3
17.5
19.5
17.2
21.8
18.3
19.3
19
25.1
20.1
22.9
23.1
24
28.6
23.6
23
24.5
23.8
25.2
25.7
22.4
25.5
20.1
20
17.3
19.4
19.9
20
18.1
19.5
24
21.7
18.7
20.1
20.6
17.9
20.1
20
21.8
20.5
18.2
18
17
14.7
19.7
15.5
15.1
15.6
15.1
16.7
13.5
14.8
14.4
22.2
15.3
17.9
17
14.1
15.6
20.1
17.3
18.7
17.6
15.1
18.9
14.4
14.4
11.6
11.8
12.6
12.7
13.1
15
16
15.7
14.5
14.8
14.6
19.7
17
15.3
14.2
16.4
16.7
16.7
16.5
14.4
15
13.4
14.1
14.4
12.9
11.8
10.5
13
11.3
12.9
14.7
18.3
13.9
17
12.6
14.1
12.8
12
12
14.9
20.9
14
9.1
17.7
15.5
15.3
15.1
15.1
14.6
13.3
12
14
16.9
11.8
11.6
12.7
10.5
14.9
12.9
10.9
10.3
10.6
11.4
9.3
10.6
9.6
8.9
11.7
9.4
9.6
9.5
10.3
10.4
8.9
9
7.4
8.5
10.2
9.2
7.6
8.6
7
7.95
7.35
8.5
9
8.3
8
7.2
8.5
11.5
8.8
11.5
8.3
7.7
8.6
7.6
15.5
12.2
8.5
6.9
7.26
6.8
8
8.1
7.1
6.7
8.7
8.4
9.2
9.2
8.9
7.76
10
10.4
11.3
9.6
10.8
9.8
9.4
8.77
8.3
7.46
7.3
7.5
8.3
13.2
16.2
16.4
14.9
15
15.6
16.8
15.9
18.5
15
18.5
14
15.4
18.1
17.6
16.1
13.3
14.4
13.1
13.8
13.4
13
14.9
14.4
13.4
12.9
13.2
11.8
12.3
14.2
13.2
11.2
13.2
14.5
11.7
11.1
12.5
12.3
12.4
11.8
11.2
10.8
8.2
16.7
12.5
13.3
17.4
15.1
15.5
15
12.8
15.4
13.4
21.3
22.1
14.4
14.4
13
12.6
12.02
11.71
11.59
10.56
12.1
13.44
16.22
12.4
12.7
12.2
11.7
10.5
11.3
12
16.3
10.6
8.9
9.4
12.6
10.7
11.2
10.5
9.2
9.3
9.5
6.6
8.7
9.2
11.29
11.64
9.95
10.81
10.31
8.11
9.97
23.07
8.01
10.39
10.39
10.28
8.49
7.48
8.31
11.92
10.79
8.72
10.05
8.17
9.69
11.1
9.79
10.19
11.63
11.4
10.3
11.46
10.39
9.8
10.1
9.04
9.51
9.72
8.75
10.09
7.83
8.2
7.04
8.7
8.5
8.3
8.23
11.5
8.94
9.72
10.43
11.43
9.31
10.9
8.29
8.96
13.9
8.09
8.27
8.8
9.09
8.98
6.91
6.4
7.57
7.72
6.48
9.8
9.8
9.7
8.4
7.7
8.8
11.7
10.57
10.5
9
10.15
8.2
7.6
7.81
8.18
7.3
7.1
6.9
7.69
6.18
6.02
6.11
9.3
7.43
8.09
12.48
8.16
8.52
7.8
6.19
5.75
6.82
6.52
5.99
5.99
6.15
6.58
6.5
6.5
5.94
6.75
5.16
5.86
8.31
9.32
7.5
8.59
9.04
7.03
9.02
7.11
8.65
14.62
5.11
5.87
6.08
5.23
5.69
5.69
5.65
5.93
5.94
6.06
5.66
6.26
5.74
7.75
8.59
6.72
8.19
8.97
6.58
9.38
9.54
7.18
12.6
6.47
6.5
5.61
6.35
6.2
5.44
6.14
4.99
6.1
5.48
6
5.25
8.08
6.19
8.1
7.97
7.5
5.77
5.61
9.01
6.43
5.07
11.48
5.12
4.26
5.77
5.09
4.97
5.25
4.86
5
4.84
4.07
4.82
8.08
6.57
5.65
6.86
5.06
7.46
7.44
3.77
8.97
5.04
5.23
4.19
4.57
4.66
4.85
4.89
4.11
4.54
4.43
4.16
4.01
4.52
6.37
6.42
5.43
4.2
4.08
6.78
6.85
8.48
12.04
4.83
3.87
2.69
3.75
4.02
3.98
3.91
4.3
3.64
3.45
4.39
3.66
3.28
8.53
4.27
7.33
7.76
4.22
6.7
6.7
3.45
6.52
10.62
4.28
3.29
2.78
2.67
3.93
3.79
3.59
3.23
3.33
3.12
2.77
2.82
3.28
6.02
3.31
3.69
6.75
3.48
5.64
5.53
5.97
4.41
8.33
3.95
2.89
3.1
3.09
3.07
2.32
2.55
2.77
2.52
2.8
2.54
21.5
20.2
19.5
19.7
18.6
18.2
23.5
21.1
23.1
19.9
26.6
24
25.8
23.8
24.8
26.1
30.5
30.4
29.4
30
28.4
29.9
28.7
31.3
32.1
29.8
30.2
28.1
28.3
30.2
30.5
32.9
27.8
32.2
31.6
52.9
52.9
33.6
32.9
31.1
30.2
30.1
31.2
27.4
24.7
25.5
26.1
29
26.8
26.7
25.2
26.1
23.3
23.3
27.4
28.7
29.3
25.1
29.8
29.6
28
28.9
27.3
28.3
25.8
28.1
23.7
24.4
23.2
22.6
24.2
23.1
28.8
29.4
25.5
24
24.3
24.4
25.7
26.4
26.8
23.9
23.2
23.7
27.1
25.3
25.1
24.4
23.1
23.2
21.7
21.8
21.9
21.5
23.2
31.6
31.1
25.4
26.8
24.1
25.9
25
24.4
23.9
23
23.7
27
24.8
24.9
27.7
29.3
26
24.5
21.9
20.9
19.6
20.9
21.3
27.7
22.9
21.6
21.1
22.4
23.6
22.7
22.1
19.2
22.4
22.3
22.3
24.1
23.8
22.1
20.5
21.5
18.8
20.6
20
20.9
25.54
27.93
22.7
22.66
24.43
22.01
23.73
16.57
21.08
23.26
24.37
22.86
22.24
22.4
21.75
21.22
20.84
17.81
16.55
16.3
15.65
17.23
31.7
30.04
29.2
25.58
25.64
26.96
24.24
26.54
24.24
22.44
23.85
25.53
29.24
28.64
28.64
27.52
26.3
22.05
22.59
22.24
23.97
24.32
34.91
34.01
28.93
26.63
25.82
24.46
27.51
25.35
26.76
25.43
22.29
23.67
23.66
25.82
23.37
20.85
19.52
21
20.79
18.25
20.71
19.03
19.55
25.46
25.46
24.54
22.38
21.87
18.77
19.37
20.38
20.21
20.66
25.49
26.68
24.91
25.9
24.27
22.83
22.64
24.51
52.46